iptranse C_S
['C_S_271_5fold_1_20200609004754', 1.0, 1.0, 0.0237, 0.0802, 0.1262, 0.3379, 273.5306, 0.0616, 0.0, 0.0032, 0.0053, 0.0348, 752.3499, 0.0047, 0.5]
['C_S_271_5fold_1_20200609004854', 1.0, 2.0, 0.0138, 0.0592, 0.1183, 0.3182, 274.1696, 0.0505, 0.0012, 0.0069, 0.0109, 0.0348, 733.2994, 0.0066, 0.4951]
['C_S_271_5fold_1_20200609004954', 1.0, 3.0, 0.0184, 0.075, 0.1269, 0.3406, 275.1946, 0.0557, 0.0008, 0.0049, 0.0069, 0.0409, 747.9369, 0.006, 0.496]
['C_S_271_5fold_1_20200609005054', 1.0, 4.0, 0.0171, 0.0697, 0.1256, 0.3287, 281.6088, 0.0544, 0.0016, 0.0044, 0.0077, 0.038, 754.0275, 0.0066, 0.5016]
['C_S_271_5fold_1_20200609005154', 1.0, 5.0, 0.0191, 0.0782, 0.1236, 0.3162, 299.1368, 0.058, 0.0012, 0.0053, 0.0097, 0.0388, 754.0943, 0.0066, 0.5065]
['C_S_271_5fold_1_20200609005254', 1.0, 6.0, 0.0414, 0.1098, 0.1631, 0.355, 263.2078, 0.0856, 0.0004, 0.004, 0.0061, 0.0356, 744.6703, 0.0054, 0.0194]
['C_S_271_5fold_1_20200609005555', 0.1, 1.0, 0.0145, 0.0454, 0.0657, 0.1545, 543.4589, 0.0344, 0.0004, 0.0016, 0.004, 0.0368, 764.3244, 0.0046, 0.0243]
['C_S_271_5fold_1_20200609005655', 0.1, 0.1, 0.0381, 0.094, 0.1249, 0.2538, 387.4116, 0.0706, 0.0004, 0.0024, 0.0044, 0.0336, 756.9511, 0.0048, 0.3924]
['C_S_271_5fold_1_20200609005755', 0.1, 0.11, 0.0342, 0.092, 0.1275, 0.2709, 374.3688, 0.0677, 0.0008, 0.0028, 0.0073, 0.0332, 744.8916, 0.0055, 0.3924]
['C_S_271_5fold_1_20200609005855', 0.1, 0.12, 0.0316, 0.0763, 0.1072, 0.2446, 358.9763, 0.0608, 0.0, 0.002, 0.004, 0.0299, 752.163, 0.0043, 0.3851]
['C_S_271_5fold_1_20200609005955', 0.1, 0.13, 0.0421, 0.096, 0.1348, 0.2893, 323.0099, 0.0764, 0.0004, 0.002, 0.0065, 0.036, 750.1379, 0.0048, 0.4037]
['C_S_271_5fold_1_20200609015107', 1.0, 7.0, 0.027, 0.0703, 0.1072, 0.2834, 325.4556, 0.0578, 0.0004, 0.004, 0.0085, 0.0437, 732.6711, 0.0057, 0.0267]
['C_S_271_5fold_1_20200609015207', 1.0, 8.0, 0.0408, 0.1118, 0.1709, 0.3774, 257.0894, 0.0858, 0.0016, 0.0044, 0.0097, 0.0405, 756.7872, 0.0067, 0.0]
['C_S_271_5fold_1_20200609015307', 1.0, 9.0, 0.0355, 0.1072, 0.1565, 0.3623, 278.5832, 0.0797, 0.0004, 0.0016, 0.0069, 0.0392, 738.7791, 0.0051, 0.0008]
['C_S_271_5fold_1_20200609015407', 1.0, 10.0, 0.0289, 0.0848, 0.1335, 0.3261, 305.5549, 0.0658, 0.0004, 0.0044, 0.0081, 0.0356, 737.233, 0.0059, 0.0]
['C_S_271_5fold_1_20200609015507', 1.0, 12.0, 0.0316, 0.094, 0.1414, 0.3222, 291.6654, 0.0712, 0.0012, 0.002, 0.0057, 0.0332, 757.8532, 0.0052, 0.0032]
['C_S_271_5fold_1_20200609015608', 1.0, 14.0, 0.0276, 0.0756, 0.1137, 0.2998, 328.3465, 0.0614, 0.0012, 0.0053, 0.0093, 0.0344, 744.4017, 0.0062, 0.0728]
['C_S_271_5fold_1_20200609020201', 0.1, 0.14, 0.0493, 0.1308, 0.1729, 0.33, 306.4438, 0.0943, 0.0008, 0.0012, 0.0032, 0.0324, 750.7702, 0.0045, 0.3972]
['C_S_271_5fold_1_20200609020301', 0.1, 0.145, 0.0487, 0.1249, 0.1808, 0.3951, 258.1295, 0.0967, 0.0004, 0.0028, 0.0073, 0.0356, 769.39, 0.0052, 0.4126]
['C_S_271_5fold_1_20200609020401', 0.1, 0.15, 0.048, 0.1223, 0.1782, 0.4162, 225.8034, 0.0949, 0.0016, 0.0049, 0.0089, 0.0356, 745.0651, 0.0064, 0.3932]
['C_S_271_5fold_1_20200609020501', 0.1, 0.16, 0.044, 0.1091, 0.1446, 0.261, 364.7377, 0.0803, 0.0012, 0.0032, 0.0053, 0.0332, 757.6683, 0.0054, 0.3714]
['C_S_271_5fold_1_20200609020601', 0.1, 0.17, 0.0362, 0.0874, 0.1243, 0.2492, 365.8337, 0.0687, 0.0004, 0.0016, 0.0077, 0.0328, 752.3014, 0.0049, 0.394]
['C_S_271_5fold_1_20200609025623', 1.0, 15.0, 0.023, 0.0644, 0.1052, 0.2781, 332.9323, 0.054, 0.0, 0.004, 0.0089, 0.0384, 739.6064, 0.0055, 0.0372]
['C_S_271_5fold_1_20200609025723', 1.0, 20.0, 0.0092, 0.0348, 0.0664, 0.2005, 446.881, 0.0317, 0.002, 0.0065, 0.0097, 0.0437, 751.1974, 0.0075, 0.0259]
['C_S_271_5fold_1_20200609025823', 2.0, 1.0, 0.0322, 0.1144, 0.1834, 0.4076, 235.6877, 0.0831, 0.0016, 0.0049, 0.0093, 0.0413, 741.339, 0.0067, 0.5073]
['C_S_271_5fold_1_20200609025923', 2.0, 2.0, 0.0224, 0.0763, 0.1229, 0.3393, 248.1834, 0.06, 0.0016, 0.004, 0.0089, 0.0368, 748.0138, 0.0064, 0.4911]
['C_S_271_5fold_1_20200609030023', 2.0, 3.0, 0.0316, 0.0848, 0.1433, 0.3761, 238.522, 0.0719, 0.002, 0.0036, 0.0081, 0.0372, 749.2722, 0.0065, 0.4992]
['C_S_271_5fold_1_20200609030123', 2.0, 4.0, 0.0158, 0.0618, 0.1065, 0.3465, 249.2038, 0.0505, 0.0008, 0.004, 0.0069, 0.034, 750.0716, 0.0056, 0.4951]
['C_S_271_5fold_1_20200609032115', 0.1, 0.175, 0.0526, 0.1223, 0.1723, 0.359, 282.7396, 0.094, 0.0004, 0.0024, 0.0053, 0.0344, 742.6578, 0.0047, 0.4005]
['C_S_271_5fold_1_20200609032215', 0.1, 0.18, 0.0611, 0.1538, 0.2137, 0.4405, 221.1335, 0.1151, 0.0004, 0.0036, 0.0057, 0.0409, 746.8285, 0.0052, 0.4005]
['C_S_271_5fold_1_20200609032315', 0.1, 0.19, 0.044, 0.1052, 0.144, 0.2761, 343.1552, 0.0801, 0.0012, 0.0032, 0.0073, 0.0299, 751.053, 0.0056, 0.3932]
['C_S_271_5fold_1_20200609032415', 0.1, 0.2, 0.0381, 0.0907, 0.1289, 0.2735, 373.6601, 0.0715, 0.0008, 0.004, 0.0073, 0.0295, 747.9126, 0.0056, 0.3997]
['C_S_271_5fold_1_20200609032515', 0.11, 1.0, 0.1019, 0.2373, 0.313, 0.5293, 181.7436, 0.1748, 0.0008, 0.004, 0.0073, 0.0311, 757.2779, 0.0054, 0.0032]
['C_S_271_5fold_1_20200609040043', 2.0, 5.0, 0.0145, 0.0513, 0.0881, 0.3195, 258.1966, 0.0448, 0.0004, 0.0032, 0.0089, 0.0405, 742.2128, 0.006, 0.4871]
['C_S_271_5fold_1_20200609040143', 2.0, 6.0, 0.0178, 0.0447, 0.0914, 0.2919, 298.1262, 0.0447, 0.0, 0.0044, 0.0077, 0.032, 753.9009, 0.0053, 0.4838]
['C_S_271_5fold_1_20200609040243', 2.0, 7.0, 0.0145, 0.0664, 0.1131, 0.3695, 241.2156, 0.0542, 0.0004, 0.0044, 0.0085, 0.0368, 756.5008, 0.0057, 0.4951]
['C_S_271_5fold_1_20200609040343', 2.0, 8.0, 0.0125, 0.0519, 0.0848, 0.2821, 286.4629, 0.042, 0.0004, 0.004, 0.0073, 0.0396, 747.9713, 0.0057, 0.4903]
['C_S_271_5fold_1_20200609040443', 2.0, 9.0, 0.0145, 0.0526, 0.0861, 0.2788, 298.6798, 0.0448, 0.0004, 0.0016, 0.0049, 0.0336, 761.4239, 0.0045, 0.4895]
['C_S_271_5fold_1_20200609040543', 2.0, 10.0, 0.021, 0.0855, 0.1453, 0.3846, 245.7659, 0.0651, 0.0004, 0.0053, 0.0101, 0.0469, 750.2706, 0.0061, 0.4854]
['C_S_271_5fold_1_20200609043816', 0.11, 0.1, 0.0375, 0.0953, 0.1321, 0.2834, 384.8744, 0.0725, 0.0004, 0.0036, 0.0073, 0.0388, 753.1464, 0.0057, 0.3851]
['C_S_271_5fold_1_20200609043916', 0.11, 0.11, 0.0533, 0.1368, 0.1867, 0.4083, 235.8014, 0.1026, 0.002, 0.0032, 0.0069, 0.0316, 755.5854, 0.0061, 0.3916]
['C_S_271_5fold_1_20200609044016', 0.11, 0.12, 0.0414, 0.1289, 0.1762, 0.3767, 266.0789, 0.0905, 0.0, 0.0024, 0.0061, 0.0372, 743.4676, 0.0049, 0.4353]
['C_S_271_5fold_1_20200609044116', 0.11, 0.13, 0.0401, 0.1045, 0.1446, 0.284, 344.3951, 0.0767, 0.0008, 0.0024, 0.0069, 0.0316, 753.6828, 0.0053, 0.4053]
['C_S_271_5fold_1_20200609044216', 0.11, 0.14, 0.0368, 0.0973, 0.1453, 0.3189, 312.9204, 0.0767, 0.0008, 0.0036, 0.0077, 0.036, 753.5028, 0.0055, 0.394]
['C_S_271_5fold_1_20200609050347', 2.0, 12.0, 0.0309, 0.1078, 0.1565, 0.3774, 251.0401, 0.0771, 0.0008, 0.004, 0.0077, 0.04, 747.373, 0.0058, 0.212]
['C_S_271_5fold_1_20200609050447', 2.0, 14.0, 0.0342, 0.0986, 0.1591, 0.3715, 261.812, 0.0769, 0.0008, 0.0032, 0.0077, 0.0376, 739.0914, 0.0058, 0.0057]
['C_S_271_5fold_1_20200609050547', 2.0, 15.0, 0.0329, 0.0999, 0.1558, 0.3741, 256.6798, 0.0766, 0.0, 0.0036, 0.0053, 0.0368, 753.2795, 0.005, 0.0024]
['C_S_271_5fold_1_20200609050647', 2.0, 20.0, 0.0085, 0.0348, 0.0611, 0.1933, 441.5766, 0.0297, 0.0004, 0.0032, 0.0073, 0.0372, 744.3673, 0.0053, 0.0]
['C_S_271_5fold_1_20200609050747', 3.0, 1.0, 0.0565, 0.1729, 0.2584, 0.5062, 186.1368, 0.123, 0.0004, 0.004, 0.0077, 0.0344, 761.947, 0.0053, 0.5113]
['C_S_271_5fold_1_20200609050847', 3.0, 2.0, 0.0401, 0.1197, 0.1782, 0.4195, 225.6496, 0.0884, 0.0, 0.002, 0.0069, 0.0364, 757.483, 0.0048, 0.496]
['C_S_271_5fold_1_20200609054655', 0.11, 0.145, 0.0427, 0.0894, 0.1262, 0.2636, 373.5943, 0.0734, 0.0004, 0.0016, 0.0044, 0.0299, 753.9693, 0.0044, 0.3956]
['C_S_271_5fold_1_20200609054755', 0.11, 0.15, 0.0454, 0.1124, 0.1506, 0.3432, 270.2091, 0.0858, 0.0016, 0.0032, 0.0057, 0.0311, 751.6497, 0.0057, 0.3964]
['C_S_271_5fold_1_20200609054855', 0.11, 0.16, 0.0335, 0.0927, 0.1144, 0.2202, 411.0408, 0.0655, 0.0004, 0.002, 0.0053, 0.0328, 754.591, 0.0046, 0.3892]
['C_S_271_5fold_1_20200609054955', 0.11, 0.17, 0.0362, 0.0901, 0.1256, 0.2696, 361.4201, 0.069, 0.0012, 0.0032, 0.0061, 0.0336, 756.8196, 0.0057, 0.4409]
['C_S_271_5fold_1_20200609055055', 0.11, 0.175, 0.0579, 0.1407, 0.1959, 0.4116, 228.9297, 0.1073, 0.0016, 0.0057, 0.0073, 0.0348, 746.7896, 0.0066, 0.4118]
['C_S_271_5fold_1_20200609060732', 3.0, 3.0, 0.0381, 0.1348, 0.2058, 0.4504, 211.5996, 0.0955, 0.0, 0.0028, 0.0077, 0.0324, 745.127, 0.0049, 0.5057]
['C_S_271_5fold_1_20200609060832', 3.0, 4.0, 0.0171, 0.0651, 0.1131, 0.3281, 259.2222, 0.0532, 0.0012, 0.0049, 0.0105, 0.0417, 748.8293, 0.0063, 0.5081]
['C_S_271_5fold_1_20200609060933', 3.0, 5.0, 0.0158, 0.0638, 0.1131, 0.3281, 249.6128, 0.0517, 0.0, 0.004, 0.0089, 0.04, 751.2989, 0.0054, 0.5129]
['C_S_271_5fold_1_20200609061033', 3.0, 6.0, 0.0138, 0.0539, 0.0894, 0.2676, 282.8613, 0.0437, 0.0, 0.0044, 0.0081, 0.0311, 756.9559, 0.0052, 0.504]
['C_S_271_5fold_1_20200609061133', 3.0, 7.0, 0.0158, 0.0611, 0.1059, 0.3215, 255.5378, 0.0498, 0.002, 0.0036, 0.0053, 0.0324, 740.0793, 0.0059, 0.5008]
['C_S_271_5fold_1_20200609061233', 3.0, 8.0, 0.0158, 0.0526, 0.0966, 0.3379, 242.3399, 0.0483, 0.002, 0.0069, 0.0097, 0.038, 755.163, 0.0074, 0.5049]
['C_S_271_5fold_1_20200609070550', 0.11, 0.18, 0.0309, 0.0861, 0.1197, 0.2663, 340.0756, 0.0651, 0.0016, 0.0028, 0.0044, 0.0364, 753.871, 0.0057, 0.4094]
['C_S_271_5fold_1_20200609070650', 0.11, 0.19, 0.0316, 0.0763, 0.1085, 0.2452, 378.0533, 0.0606, 0.0016, 0.004, 0.0089, 0.0372, 746.6262, 0.0066, 0.4134]
['C_S_271_5fold_1_20200609070750', 0.11, 0.2, 0.0447, 0.1197, 0.1742, 0.3702, 269.7022, 0.0905, 0.0004, 0.0024, 0.0053, 0.0283, 755.5777, 0.0048, 0.4223]
['C_S_271_5fold_1_20200609070850', 0.12, 1.0, 0.0888, 0.2334, 0.3182, 0.5431, 184.6121, 0.1667, 0.0008, 0.0028, 0.0065, 0.0352, 757.943, 0.0051, 0.004]
['C_S_271_5fold_1_20200609070950', 0.12, 0.1, 0.0394, 0.1157, 0.1538, 0.3261, 333.9862, 0.0807, 0.0028, 0.0053, 0.0089, 0.0295, 760.2532, 0.0072, 0.3843]
['C_S_271_5fold_1_20200609071132', 3.0, 9.0, 0.0125, 0.05, 0.0999, 0.3333, 260.4845, 0.0447, 0.0012, 0.0032, 0.0073, 0.036, 743.1816, 0.0059, 0.4903]
['C_S_271_5fold_1_20200609071232', 3.0, 10.0, 0.0191, 0.0572, 0.1032, 0.3452, 252.5733, 0.0529, 0.0004, 0.0044, 0.0073, 0.0396, 757.1683, 0.0052, 0.4943]
['C_S_271_5fold_1_20200609071332', 3.0, 12.0, 0.0151, 0.0644, 0.1111, 0.3195, 296.8146, 0.0497, 0.0012, 0.0024, 0.0077, 0.0421, 729.6145, 0.0061, 0.4717]
['C_S_271_5fold_1_20200609071432', 3.0, 14.0, 0.0158, 0.0671, 0.1131, 0.3517, 242.7061, 0.053, 0.0, 0.0016, 0.0065, 0.0384, 747.0874, 0.0049, 0.4895]
['C_S_271_5fold_1_20200609071532', 3.0, 15.0, 0.0217, 0.0657, 0.1078, 0.3366, 266.4471, 0.0561, 0.0012, 0.0049, 0.0089, 0.0392, 759.4765, 0.0062, 0.3026]
['C_S_271_5fold_1_20200609071632', 3.0, 20.0, 0.0217, 0.0835, 0.1236, 0.309, 292.3116, 0.0596, 0.0004, 0.0036, 0.0085, 0.0384, 752.6517, 0.0056, 0.0049]
['C_S_271_5fold_1_20200609081429', 4.0, 1.0, 0.071, 0.1933, 0.2643, 0.5266, 174.5687, 0.138, 0.0, 0.004, 0.0085, 0.04, 744.392, 0.0056, 0.517]
['C_S_271_5fold_1_20200609081529', 4.0, 2.0, 0.0657, 0.1795, 0.2564, 0.5168, 188.5102, 0.1328, 0.0016, 0.0069, 0.0097, 0.04, 749.407, 0.0075, 0.5113]
['C_S_271_5fold_1_20200609081619', 0.12, 0.11, 0.0355, 0.0907, 0.1183, 0.238, 389.3445, 0.0668, 0.0008, 0.0032, 0.0069, 0.0311, 755.3936, 0.0055, 0.4207]
['C_S_271_5fold_1_20200609081629', 4.0, 3.0, 0.0394, 0.1197, 0.1788, 0.4103, 237.4753, 0.0884, 0.0, 0.0032, 0.0069, 0.0368, 752.2249, 0.005, 0.5097]
['C_S_271_5fold_1_20200609081719', 0.12, 0.12, 0.0342, 0.0907, 0.1295, 0.2801, 378.5733, 0.0693, 0.0, 0.0028, 0.0053, 0.032, 755.8758, 0.0046, 0.4393]
['C_S_271_5fold_1_20200609081729', 4.0, 4.0, 0.0309, 0.0894, 0.1466, 0.3702, 249.334, 0.0724, 0.0004, 0.0053, 0.0093, 0.0372, 752.2787, 0.006, 0.5008]
['C_S_271_5fold_1_20200609081819', 0.12, 0.13, 0.0362, 0.0855, 0.1111, 0.2774, 341.4911, 0.0682, 0.0004, 0.004, 0.0073, 0.0328, 751.7383, 0.0054, 0.4102]
['C_S_271_5fold_1_20200609081829', 4.0, 5.0, 0.0237, 0.0822, 0.1335, 0.3682, 249.568, 0.0639, 0.0004, 0.0036, 0.0061, 0.0368, 740.7512, 0.0056, 0.5]
['C_S_271_5fold_1_20200609081919', 0.12, 0.14, 0.0355, 0.0815, 0.1151, 0.2663, 371.4083, 0.0653, 0.0008, 0.0024, 0.0057, 0.0344, 756.2569, 0.0051, 0.4094]
['C_S_271_5fold_1_20200609081930', 4.0, 6.0, 0.0217, 0.0835, 0.1302, 0.3754, 247.3228, 0.063, 0.002, 0.0061, 0.0105, 0.0384, 740.2354, 0.0073, 0.5097]
['C_S_271_5fold_1_20200609082019', 0.12, 0.145, 0.044, 0.096, 0.1361, 0.2827, 354.6963, 0.0769, 0.0016, 0.0028, 0.0049, 0.0348, 751.8786, 0.0055, 0.3989]
['C_S_271_5fold_1_20200609091701', 0.12, 0.15, 0.0421, 0.0947, 0.1354, 0.2893, 318.0598, 0.0769, 0.0004, 0.0024, 0.0049, 0.0364, 759.2528, 0.0047, 0.4134]
['C_S_271_5fold_1_20200609091801', 0.12, 0.16, 0.0447, 0.1085, 0.142, 0.2636, 364.8396, 0.0818, 0.0, 0.004, 0.0069, 0.0336, 767.7836, 0.005, 0.4393]
['C_S_271_5fold_1_20200609091813', 4.0, 7.0, 0.021, 0.073, 0.1321, 0.3662, 244.5733, 0.0606, 0.0012, 0.004, 0.0061, 0.0421, 740.7957, 0.0062, 0.5097]
['C_S_271_5fold_1_20200609091901', 0.12, 0.17, 0.0539, 0.1348, 0.1893, 0.3951, 259.1992, 0.1023, 0.0012, 0.0028, 0.0061, 0.0332, 764.8859, 0.0052, 0.4086]
['C_S_271_5fold_1_20200609091913', 4.0, 8.0, 0.0184, 0.0585, 0.0986, 0.3156, 250.5628, 0.0509, 0.0008, 0.004, 0.0097, 0.0368, 746.4668, 0.006, 0.5097]
['C_S_271_5fold_1_20200609092001', 0.12, 0.175, 0.0565, 0.1387, 0.2045, 0.4129, 232.8409, 0.1072, 0.0, 0.0028, 0.004, 0.032, 745.2269, 0.0042, 0.4288]
['C_S_271_5fold_1_20200609092013', 4.0, 9.0, 0.0158, 0.0664, 0.1137, 0.332, 241.7673, 0.0527, 0.0004, 0.0024, 0.0069, 0.0376, 748.6108, 0.005, 0.5121]
['C_S_271_5fold_1_20200609092101', 0.12, 0.18, 0.044, 0.094, 0.142, 0.2623, 366.9244, 0.0755, 0.0008, 0.004, 0.0069, 0.0368, 753.2642, 0.0055, 0.4134]
['C_S_271_5fold_1_20200609092113', 4.0, 10.0, 0.0171, 0.0625, 0.1105, 0.3537, 234.8777, 0.0535, 0.0004, 0.0032, 0.0065, 0.0328, 749.2751, 0.0055, 0.5097]
['C_S_271_5fold_1_20200609092213', 4.0, 12.0, 0.023, 0.0776, 0.1295, 0.3577, 254.3498, 0.0639, 0.0, 0.0028, 0.0077, 0.0396, 748.8944, 0.0053, 0.504]
['C_S_271_5fold_1_20200609092313', 4.0, 14.0, 0.0178, 0.0559, 0.0881, 0.2998, 274.6128, 0.0479, 0.0004, 0.0065, 0.0101, 0.0445, 760.2128, 0.0064, 0.4911]
['C_S_271_5fold_1_20200609102757', 4.0, 15.0, 0.0131, 0.0605, 0.1019, 0.336, 254.3655, 0.0477, 0.0024, 0.0044, 0.0101, 0.0392, 744.3495, 0.0071, 0.5]
['C_S_271_5fold_1_20200609102957', 5.0, 1.0, 0.069, 0.1867, 0.263, 0.4984, 190.4878, 0.1331, 0.0008, 0.0044, 0.0077, 0.0328, 760.4862, 0.0054, 0.5081]
['C_S_271_5fold_1_20200609103057', 5.0, 2.0, 0.0388, 0.1295, 0.1972, 0.4274, 239.9283, 0.0919, 0.0004, 0.0024, 0.0065, 0.0368, 744.4539, 0.0052, 0.5243]
['C_S_271_5fold_1_20200609103157', 5.0, 3.0, 0.0559, 0.1591, 0.2255, 0.478, 213.6114, 0.1155, 0.0, 0.0024, 0.0077, 0.0405, 739.5465, 0.0052, 0.5227]
['C_S_271_5fold_1_20200609103754', 0.12, 0.2, 0.0263, 0.0822, 0.1177, 0.265, 336.0657, 0.0611, 0.0008, 0.0036, 0.0061, 0.0303, 763.0376, 0.0054, 0.4223]
['C_S_271_5fold_1_20200609103854', 0.13, 1.0, 0.1243, 0.284, 0.3787, 0.6114, 154.3136, 0.208, 0.0016, 0.0053, 0.0093, 0.0417, 752.6392, 0.0065, 0.0081]
['C_S_271_5fold_1_20200609104054', 0.13, 0.11, 0.0381, 0.0947, 0.1203, 0.2452, 387.2663, 0.0698, 0.0004, 0.0036, 0.0069, 0.0307, 765.9551, 0.0049, 0.4264]
['C_S_271_5fold_1_20200609105152', 0.1, 1.0, 0.0874, 0.2189, 0.2959, 0.501, 206.783, 0.1574, 0.0024, 0.0049, 0.0089, 0.0324, 762.2731, 0.0067, 0.0259]
['C_S_271_5fold_1_20200609112508', 0.1, 1.0, 0.1072, 0.2643, 0.3452, 0.5477, 193.7035, 0.1864, 0.0, 0.0032, 0.0073, 0.0372, 743.0, 0.005, 0.2087]
['C_S_271_5fold_1_20200609112708', 0.12, 1.0, 0.0901, 0.2209, 0.2906, 0.4905, 214.5661, 0.1592, 0.0008, 0.0053, 0.0089, 0.036, 753.269, 0.006, 0.0016]
['C_S_271_5fold_1_20200609112908', 0.14, 1.0, 0.0861, 0.1992, 0.2735, 0.4793, 210.8744, 0.1472, 0.0008, 0.004, 0.0061, 0.0291, 743.5672, 0.0053, 0.0024]
Total 105 files
Write results to ../../../output/log/iptranse/iptranse_C_S.xlsx
